Procs

    r: The number of processes waiting for run time.
    b: The number of processes in uninterruptible sleep.

Memory

    swpd: the amount of virtual memory used.
    free: the amount of idle memory.
    buff: the amount of memory used as buffers.
    cache: the amount of memory used as cache.
    inact: the amount of inactive memory. (-a option)
    active: the amount of active memory. (-a option)

Swap

    si: Amount of memory swapped in from disk (/s).
    so: Amount of memory swapped to disk (/s).

IO

    bi: Blocks received from a block device (blocks/s).
    bo: Blocks sent to a block device (blocks/s).

System

    in: The number of interrupts per second, including the clock.
    cs: The number of context switches per second.

CPU

    These are percentages of total CPU time.
    us: Time spent running non-kernel code. (user time, including nice time)
    sy: Time spent running kernel code. (system time)
    id: Time spent idle. Prior to Linux 2.5.41, this includes IO-wait time.
    wa: Time spent waiting for IO. Prior to Linux 2.5.41, included in idle.
    st: Time stolen from a virtual machine. Prior to Linux 2.6.11, unknown.

1)

Wenn kein Mem Prozess läuft steht bei us: 0
Bei einem mem 1 Prozess erhöht es sich auf us: 13
und bei 2 mem 1 Prozessen erhöht sich der Wert auf 25

2)

r  b   swpd   free   buff  cache   si   so    bi    bo   in   cs us sy id wa st
0  0 369240 1905012 1053404 3297804    0    0     0     0  371  898  1  0 99  0  0
0  0 369240 1904508 1053412 3297812    0    0     0    28  246  590  1  0 99  0  0
0  0 369240 1904004 1053412 3297836    0    0     0     0  173  319  0  0 99  0  0
1  0 369240 852904 1053412 3297884    0    0     0     0  481  574  7  3 89  0  0
1  0 369240 854416 1053412 3299380    0    0     0     0  533  521 13  0 87  0  0
1  0 369240 855676 1053412 3298012    0    0     0     0  521  522 13  0 87  0  0
1  0 369240 855880 1053412 3298028    0    0     0     0  561  595 13  1 87  0  0
0  0 369240 852904 1053420 3300660    0    0     0    28  586  840 11  0 88  0  0
0  0 369240 852400 1053420 3301172    0    0     0     0  157  389  0  0 100  0  0
0  0 369240 852140 1053420 3300964    0    0     0     0  231  400  0  0 99  0  0
0  0 369240 855408 1053420 3297628    0    0     0     0  193  325  0  0 99  0  0
0  0 369240 855424 1053420 3297740    0    0     0     0  150  318  0  0 100  0  0
1  0 369240 855556 1053428 3297852    0    0     0    24 1132 2546  3  2 95  0  0
0  0 369240 854876 1053428 3298152    0    0     0     0 2232 5309  7  4 90  0  0
0  0 369240 1900592 1053428 3306524    0    0     0     0 2348 5708  8  5 87  0  0
0  0 369240 1900736 1053428 3306356    0    0     0     0  164  316  0  0 100  0  0


Free wird wieder auf den erwarteten Wert zurückgesetzt (erst nach Schließen des Terminals??) und swap memory wird garnicht erst angefasst, da genung Speicher zur Verfügung steht

3)

cat /proc/meminfo
MemTotal:        7908820 kB

./mem 4000
procs -----------memory---------- ---swap-- -----io---- -system-- ------cpu-----
r  b   swpd   free   buff  cache    si   so    bi    bo   in   cs us sy id wa st
1  0 369240 1902784 1053996 3299788  0    0     0     0 1376 2814  2  2 96  0  0
0  0 369240 1903036 1053996 3299708  0    0     0     0 1491 2964  2  2 96  0  0
0  0 369240 1903240 1053996 3299024  0    0     0     0  300  550  1  1 98  0  0
2  0 370264 102188 1051848 3244128   0  532     0   532  806  913  5  7 88  0  0        erster Loop
1  0 383832 124936 904260 1767816    0 13428    48 13428 1910 2954  5 21 74  0  0       zweiter Loop
1  0 395096 126312 691876 1363008    0 10900   332 10900 1259 1676 10  9 82  0  0       dritter Loop
1  0 395096 122492 691892 1366868    0    0   184    20  539  467 13  0 87  0  0
1  0 395096 122200 691892 1366924    0    0    40     0  559  495 13  0 87  0  0
2  0 395096 121696 691892 1366908    0    0     0     0  475  389 13  0 87  0  0
1  0 395096 155208 680916 1341500  364    0  1260     0  860 1386 13  1 86  0  0
1  0 395096 156564 680916 1341292    0    0   452     0  612  628 13  0 87  0  0
1  0 395096 156084 681060 1342224    0    0   984    12  481  448 13  0 87  0  0

./mem 5000

procs -----------memory---------- ---swap-- -----io---- -system-- ------cpu-----
r  b   swpd   free   buff  cache    si   so    bi    bo   in   cs us sy id wa st
0  0 411224 4456508 367464 1185400    0    0     0     0  282  503  0  0 100  0  0
0  0 411224 4456508 367476 1185468    0    0    20    32  225  441  1  0 99  0  0
1  0 411224 3540480 367484 1186052    0    0   304    48  513  749  4  3 93  0  0
1  0 411224 1207716 367492 1185988    0    0     0   108  583  581  6  7 87  0  0
1  0 502104 146568  94996 682184  972 90768  2844 90768 2122 3172  8 11 81  0  0
1  0 502104 139944  95052 686784   32    0   412   108 2223 4649 17  4 79  0  0
1  0 502104 139188  95140 686704  192    0   432     0  809  812 13  0 87  0  0
1  0 502104 139188  95388 686876    0    0   248     0  556  512 13  0 87  0  0
1  0 502104 139188  95388 686892    0    0     0     0  532  567 13  0 87  0  0
1  0 502104 138064  95752 689752   96    0  3672    76  837 1073 13  1 86  0  0
1  0 502104 140272  95752 690096    0    0     0     0  546  467 13  0 87  0  0
1  0 502104 140020  95752 690112    0    0     0     0  467  386 13  0 87  0  0
3  0 502104 139364  95788 691604    0    0  1404   208 1279 2371 15  1 83  0  0
1  0 502104 138736  95800 691880   64    0   204     0 1728 3470 15  3 82  0  0
0  0 502104 138996  95800 692084    0    0   524     0  411  780  4  0 95  0  0
0  0 502104 138900  95800 692048    0    0     0   168 1430 3298  4  2 94  0  0
1  0 502104 2183972  95800 702336   92    0  1152     0 3482 8489 10  8 82  0  0
0  0 502104 5256108  96672 705252   36    0  3760    48 2116 4572  5  5 90  0  0
0  0 502104 5266464  96672 694476    0    0     0     0 1821 4667  6  3 91  0  0
0  0 502104 5266692  96672 693980    0    0     0     0  246  443  0  0 99  0  0

./mem 6000
niklas@npelys-maschine:~/htwg/BSYSPy/chapter21$ ./mem 6000
allocating 6291456000 bytes (6000.00 MB)
  number of integers in array: 1572864000
loop 0 in 3006.25 ms (bandwidth: 1995.84 MB/s)
loop 1 in 25447.14 ms (bandwidth: 235.78 MB/s)
loop 2 in 928.98 ms (bandwidth: 6458.66 MB/s)
loop 3 in 912.18 ms (bandwidth: 6577.62 MB/s)
loop 4 in 904.19 ms (bandwidth: 6635.74 MB/s)
loop 5 in 890.00 ms (bandwidth: 6741.60 MB/s)
loop 6 in 889.86 ms (bandwidth: 6742.60 MB/s)
loop 7 in 911.56 ms (bandwidth: 6582.09 MB/s)
loop 8 in 902.12 ms (bandwidth: 6651.00 MB/s)
loop 9 in 927.47 ms (bandwidth: 6469.24 MB/s)
loop 10 in 903.80 ms (bandwidth: 6638.61 MB/s)
loop 11 in 913.62 ms (bandwidth: 6567.31 MB/s)
loop 12 in 904.80 ms (bandwidth: 6631.33 MB/s)
loop 13 in 915.41 ms (bandwidth: 6554.47 MB/s)
loop 14 in 901.23 ms (bandwidth: 6657.59 MB/s)

procs -----------memory---------- ---swap-- -----io---- -system-- ------cpu-----
r  b   swpd   free   buff  cache    si   so    bi    bo   in   cs us sy id wa st
0  0 502104 5221988 108144 729164    0    0     0     0  137  258  0  0 100  0  0  -------------------- Anfang erster Loop
1  0 502104 4862864 108144 729392    0    0     0     0  243  341  1  1 97  0  0
1  0 502104 2523816 108144 729404    0    0     0     0  467  417  6  6 87  0  0
1  0 502104 186516 108144 729596    0    0    96     0  494  372  6  7 87  0  0
0  3 1185368 112488   1856 380800 30364 711156 95871 711288 80452 9230  3 23 53 20  0
1  0 1208716 113560   1908 417048 221768 240836 253566 240836 30112 16605  1 10 74 14  0
1  1 1193748 118728    900 396044 234200 218640 240424 218640 23631 15791  2  7 84  8  0
0  1 1205400 115120   1044 398572 95740 111672 120128 111672 29462 23460  1  5 84 10  0
0  1 1229960 128688   1528 383256 125640 151024 130492 151024 39333 21822  1  7 83  8  0
1  0 1226868 127996   1360 375292 176868 176432 177180 176432 35778 20473  1  6 85  8  0
0  1 1231644 122908   1276 375656 76556 89116 78368 89120 32060 25658  1  5 85  8  0
0  1 1249044 129508   1276 374724 77196 106136 79336 106136 35740 23801  1  6 85  9  0
1  0 1275628 119184   1540 399116 107592 138200 139696 138200 45763 24188  1  6 82 11  0
1  0 1285132 129784   1120 399716 60652 85536 60652 85536 32870 24302  1  5 86  8  0
0  1 1288676 129784   1120 397764 58240 77528 58240 77528 29485 24773  1  5 85  8  0
0  1 1300092 125720   1120 407724 54332 73212 67276 73212 30087 25724  1  5 85  9  0
0  1 1298480 125136   1356 406820 53840 65328 55104 65376 27561 25909  2  5 85  8  0
0  1 1307688 128964   1356 408392 49672 67320 52812 67320 29200 25431  1  4 86  9  0
0  1 1309512 128216   1356 406848 48592 67872 48592 67872 26973 23896  1  5 86  9  0
0  1 1326648 138776   1724 409316 49476 79088 54796 79088 30225 24543  1  4 85  9  0
1  0 1313824 135052   1660 408848 53064 55272 55696 55272 24992 23772  2  3 87  9  0
0  1 1295112 127980   1668 407412 49440 46824 49536 46952 23840 25290  1  3 87  9  0
0  1 1276972 126712   1668 401192 46600 49188 47272 49188 23697 23992  1  3 87  8  0
0  1 1278852 121168   1664 388512 50188 57432 50188 57432 24566 23427  1  5 85  9  0
0  1 1300208 133768   1408 382628 45084 76140 45084 76140 28065 23165  1  5 86  9  0
1  1 1284504 123688   1408 378940 47784 46504 47784 46504 21844 24459  1  5 86  9  0
0  1 1274816 132028   1076 377732 66328 81960 78072 82012 36517 32719  2  6 79 13  0
0  1 1277192 124720    976 379244 45488 60744 53200 60744 26337 23664  1  6 84  9  0
1  0 1282028 137540   3008 376844 46112 71908 50576 71908 29043 23865  1  5 85  9  0
1  0 1265388 135524   2996 375012 33648 25600 33652 25600 15250 17314  4  2 88  6  0 ------------------- Ende erster Loop
1  0 1263596 132484   2996 377128 1848    0  1972     0 1001 1350 13  0 87  0  0
1  0 1263596 132484   2996 377192   88    0    88     0  558  411 13  0 87  0  0
1  0 1263340 130720   2996 379044  104    0  1844     0  658  633 13  0 87  0  0
1  0 1263340 130200   2996 379140  236    0   264     0  671  573 13  0 87  0  0
1  0 1263340 122640   3444 385596  240    0  1584     0  655  594 13  0 87  0  0
1  0 1263340 121320   3444 385580   56    0   292     0  573  456 13  1 86  0  0
1  0 1263340 125420   3444 380280   44    0    44     0  552  464 13  0 87  0  0
1  0 1262316 121380   3588 383588  816    0  3236     0  852 1033 13  0 86  0  0
1  0 1262060 120372   3668 384204   20    0    20     0  517  442 13  0 87  0  0
0  0 1285708 6289844   3888 391136 6928 31328 23876 31328 9234 5832  9  5 85  2  0
0  0 1284172 6280268   4160 398948 1616    0  4968     0 1366 2425  1  2 97  0  0
0  0 1283660 6280016   4160 398944  544    0   544     0  817 1661  1  1 98  0  0
0  0 1283404 6279260   4160 398820  520    0   520     0 1134 2217  1  2 97  0  0
0  0 1283404 6278756   4160 399116  116    0   444     0 1090 1676  0  1 98  0  0
0  0 1283148 6278252   4160 399324  276    0   488     0 1235 2046  1  2 98  0  0
1  0 1282892 6275732   4304 401308  728    0  1232    32 1760 2991  1  3 95  0  0
1  0 1282636 6275716   4304 401356   40    0    40     0 1912 3471  3  3 94  0  0

4)

Die CPU Belastung nimmt am Anfang der ersten Loop stark zu, lässt dann aber wieder nach. Hängt vom Swappen ab.
Incoming blocks stimmt fast immer mit swap ins überein.
Genauso wie outgoing blocks und swap outs.


